Number of iteration                 Roots Approximation                                                              F(x)                                         Convergence
0                                    1.0                                                             -1.70111355980467                   0.414019163612324
1                                    1.48600289674742                                                             -1.05422061997714                   0.376969760136013
2                                    1.69993945986439                                                             -0.476153889529296                   0.355605553344283
3                                    1.78335254616606                                                             -0.181641129554666                   0.346694080873964
4                                    1.81342490736278                                                             -0.0645843588019064                   0.343413053531850
5                                    1.82390317790082                                                             -0.0223749087164471                   0.342261835502074
6                                    1.82750786194497                                                             -0.00768125862311919                   0.341864864726180
7                                    1.82874235233629                                                             -0.00262867160289559                   0.341728805658788
8                                    1.82916446847475                                                             -0.000898610745383444                   0.341682269488236
9                                    1.82930872791622                                                             -0.000307076493018421                   0.341666364125378
10                                    1.82935802000048                                                             -0.000104922044401157                   0.341660929247163
11                                    1.82937486158672                                                             -3.58482693094686e-5                   0.341659072275346
12                                    1.82938061571496                                                             -1.22479455155755e-5                   0.341658437810503
13                                    1.82938258166697                                                             -4.18462082851789e-6                   0.341658220902865
14                                    1.82938325335128                                                             -1.42971091232624e-6                   0.341658147094251
15                                    1.82938348283777                                                             -4.88472474913237e-7                   0.341658122126638
16                                    1.82938356124371                                                             -1.66890600006298e-7                   0.341658112694848
17                                    1.82938358803173                                                             -5.70195286542230e-8                   0.341658115258039
18                                    1.82938359718408                                                             -1.94811855536159e-8                   0.341658085592458
19                                    1.82938360031105                                                             -6.65590427217921e-9                   0.341658147966369
20                                    1.82938360137941                                                             -2.27404406416554e-9                   0.341658039595752
21                                    1.82938360174442                                                             -7.76945618952141e-10                   0.341657338107992
22                                    1.82938360186913                                                             -2.65448996117357e-10                   0.341657717867521
23                                    1.82938360191174                                                             -9.06936747924192e-11                   0.341661311053985
24                                    1.82938360192629                                                             -3.09867687064980e-11                   0.341641194450976
25                                    1.82938360193127                                                             -1.05853104059861e-11                   0.341706813489332
26                                    1.82938360193297                                                             -3.61755070343861e-12                   0.341641490433031
27                                    1.82938360193355                                                             -1.23545618180287e-12                   0.341930729550479
28                                    1.82938360193375                                                             -4.22772927777260e-13                   0.340517241379310
29                                    1.82938360193381                                                             -1.43884903991420e-13                   0.341772151898734
30                                    1.82938360193384                                                             -4.97379915032070e-14                   0.333333333333333
31                                    1.82938360193384                                                             -1.68753899743024e-14                   0.333333333333333
32                                    1.82938360193385                                                             -5.32907051820075e-15                   0.333333333333333
33                                    1.82938360193385                                                             -1.77635683940025e-15                   0.500000000000000
34                                    1.82938360193385                                                             -8.88178419700125e-16                   0
35                                    1.82938360193385                                                             0                   nan
The total number of iterations needed are 36
The root is 1.82938360193385